species	clade	locomotor_mode	SVL	ESD	fem_length	tib_length	calc_length	foot_length
1	Ranoidea	AJ	35.86	0.88	14.73	15.84	9.24	13.64
2	Hyloidea	TJ	20.97	0.6	10.43	12.73	6.25	11.47
3	Hyloidea	TJ	33.31	1.03	15.75	17.43	8.68	16.01
4	Hyloidea	TJ	27.56	0.83	9.75	11.45	6.21	12.27
5	Hyloidea	AJ	41.82	4.51	17.9	20.29	13.38	12.20
6	Ranoidea	TJ	56.35	1.51	28.12	32.66	13.84	29.45
7	Hyloidea	TJ	18.81	0.46	7.7	7.78	4.05	6.30
8	Hyloidea	AJ	25.62	2	8.86	9.77	5.72	8.28
9	Hyloidea	WH	41.81	1.49	15.21	15.91	8.13	25.27
10	Basal	BWH	46.99	3.54	14.62	15.16	9.39	16.31
11	Hyloidea	TJ	42.38	1.22	16.97	19.56	10.57	16.34
12	Ranoidea	TJ	72.72	2.24	28.35	34.49	16.94	28.01
13	Ranoidea	TJ	69.53	2	26.47	30.63	16.28	34.63
14	Hyloidea	BWH	49.56	2.31	18.59	19.03	9.33	17.86
15	Hyloidea	TJ	15.27	0.45	5.65	6.1	4.01	5.18
16	Ranoidea	TJ	18.13	0.59	6.69	6.74	4.03	7.61
17	Hyloidea	WH	49.6	5.63	19.99	21.64	12.15	18.13
18	Hyloidea	AJ	60.98	1.88	20.3	22.11	13.15	17.49
19	Hyloidea	TJ	57.08	2.85	19.27	21.78	14.02	21.96
20	Ranoidea	WH	15.36	0.36	5.09	5.08	3.3	5.48
21	Ranoidea	TJ	32.76	0.78	14.73	16.27	7.54	15.28
22	Basal	WH	40.19	1.94	15.67	18.45	11.74	14.77
23	Ranoidea	TJ	51.79	1.34	21.67	24.53	11.8	22.67
24	Hyloidea	TJ	30.06	1.1	10.28	10.67	4.9	15.29
25	Hyloidea	BWH	37.91	3.93	12.41	11.83	7.99	13.50
26	Ranoidea	BWH	36.6	2.89	8.99	8.41	5.93	8.82
27	Basal	AQ	92.12	12.46	32.39	30.89	18.1	28.72
28	Hyloidea	TJ	21.93	0.53	8.37	9.98	4.98	10.17
29	Hyloidea	WH	38.26	1.15	16.5	19.04	10.1	20.38
30	Hyloidea	AJ	104.34	4.4	49.64	49.64	28.75	34.97
31	Basal	WH	55.67	7.19	16.72	16.5	9.88	16.39
32	Ranoidea	TJ	35.02	0.82	15.03	16.55	9.7	10.69
33	Hyloidea	WH	17.93	1.01	6.02	6.06	4.25	4.78
34	Basal	WH	111.66	11.1	38.35	37.52	21.06	37.24
35	Ranoidea	AJ	34.5	0.88	17.69	20.09	9.19	17.67
36	Hyloidea	BWH	62.8	3.62	19.58	18.02	10.01	24.81
37	Ranoidea	BWH	26.23	1.44	7.77	8.57	5.11	10.72
38	Ranoidea	BWH	51.4	5.09	16.67	14.78	10.02	14.51
39	Neobatrachia	AQ	66.13	2.46	18.02	17.3	9.27	25.76
40	Ranoidea	TJ	34.16	0.94	13.08	13.65	7.69	14.12
41	Hyloidea	AJ	30.65	1.88	14.12	14.9	9.46	13.28
42	Hyloidea	WH	138.05	5.96	41.76	42.88	25.86	41.90
43	Hyloidea	TJ	20.23	0.38	8.46	10.35	5.97	8.21
44	Hyloidea	BWH	42.53	1.44	11.86	10.49	5.41	13.85
45	Ranoidea	AJ	54.71	1.27	21.68	24.36	12.62	19.25
46	Hyloidea	AJ	28.46	1.56	12.32	13.49	7.63	10.62
47	Ranoidea	TJ	57.75	1.56	23.95	24.24	11.22	23.73
48	Ranoidea	AJ	26.31	1.48	9.05	9.54	5.65	8.46
49	Ranoidea	TJ	62.47	1.86	22.57	24.21	11.96	24.56
50	Ranoidea	TJ	166.73	4.25	74.11	82.06	41.26	76.05
51	Hyloidea	AJ	44.85	2.2	14.19	15.58	8.86	12.81
52	Hyloidea	TJ	55.78	1.35	26.54	30.26	16.26	25.81
53	Hyloidea	TJ	22.38	0.77	9.22	10.62	5.18	10.63
54	Hyloidea	AJ	66.19	7.36	29.5	30.6	18.32	21.83
55	Hyloidea	TJ	44.41	1.15	22.83	23.84	12.55	17.97
56	Hyloidea	TJ	61.75	2.39	24.64	25.85	12.72	25.75
57	Hyloidea	WH	13.44	0.43	4.67	4.86	2.84	4.04
58	Basal	BWH	49.03	2.82	18.87	21.58	12.49	19.03
59	Hyloidea	TJ	20.65	0.58	8.41	10.43	5.14	8.84
60	Hyloidea	TJ	12.79	0.39	5.32	5.42	3.53	4.53
61	Hyloidea	WH	26.36	1.39	9.65	10.55	5.35	10.81
62	Hyloidea	WH	40.95	1.78	17.82	20.72	11.03	18.97
63	Ranoidea	TJ	71.91	2.09	32.6	38.33	19.38	37.51
64	Hyloidea	WH	26.34	3.22	8.52	8.97	6.14	6.53
65	Ranoidea	BWH	23.74	1.76	7.22	7.73	4.56	9.28
66	Hyloidea	AJ	81.72	5.55	39.31	45.17	26.58	31.91
67	Hyloidea	TJ	46.81	1.93	16.92	17.24	10.67	17.55
68	Neobatrachia	WH	18.25	0.6	5.75	6.04	3.84	7.15
69	Neobatrachia	TJ	67.16	3.99	27.38	29.58	17.38	24.04
70	Hyloidea	AJ	64.93	2.26	30.79	31.16	23.24	27.13
71	Ranoidea	BWH	35.37	1.39	11.68	11.67	6.47	14.81
72	Ranoidea	TJ	71.53	1.76	22.97	24.39	12.3	19.59
73	Ranoidea	TJ	45.52	1.19	15.9	16.82	8.62	21.90
74	Ranoidea	TJ	23.13	1.79	9.01	9.63	5.49	10.70
75	Hyloidea	AJ	22.18	1.64	11	11.39	6.72	8.79
76	Hyloidea	AJ	38.68	1.8	16.39	17.01	9.52	13.57
77	Hyloidea	AJ	44.94	2.46	18.99	22.18	13.12	16.76
78	Hyloidea	AJ	34.94	2.45	14.53	15.09	9.14	12.66
79	Hyloidea	WH	67.69	2.44	26.44	29.66	17.11	34.94
80	Hyloidea	TJ	18.84	0.44	8.07	8.49	5.29	8.26
81	Ranoidea	BWH	48.49	2.84	19.35	19.03	10.34	16.36
82	Ranoidea	TJ	72.57	2.23	31.22	30.37	13.74	29.48
83	Ranoidea	AQ	24.5	0.55	9.13	9.51	4.3	10.55
84	Neobatrachia	BWH	65.26	3.59	29.26	33.13	15.82	24.50
85	Basal	WH	49.67	0.98	13.83	18.97	12.74	17.09
86	Hyloidea	AQ	94.99	5.49	28.46	26.18	14.73	34.49
87	Basal	WH	64.3	8.24	20.21	19.59	10.69	17.42
88	Ranoidea	TJ	39.84	1.14	15.92	16.18	8.56	15.69
89	Hyloidea	TJ	36.6	1.33	13.53	16.79	8.7	18.37
90	Ranoidea	AJ	75.91	2.23	30.07	30.19	15.76	27.03
91	Ranoidea	TJ	77.84	2.09	33.83	40.62	18.78	37.03
92	Ranoidea	TJ	24.07	0.83	8.05	8.99	5.6	8.23
93	Hyloidea	AJ	63.35	4.14	25.53	27.09	16	21.00
94	Ranoidea	TJ	16.6	0.97	7.1	7.47	3.75	6.91
95	Ranoidea	TJ	23.8	0.63	8.93	10.13	5.94	9.86
96	Ranoidea	TJ	20.66	0.54	7.92	8.23	4.46	9.76
97	Basal	WH	38.59	3.22	13.35	13.6	7.25	13.77
98	Ranoidea	WH	32.01	2.43	10.53	11.16	7.11	12.88
99	Hyloidea	BWH	26.94	2.75	8.1	8.28	5.36	7.21
100	Ranoidea	TJ	26.74	0.68	11.41	12.54	5.93	11.37
101	Neobatrachia	BWH	101.16	3.27	52.64	63.25	25.03	51.06
102	Neobatrachia	BWH	88.85	3.98	28.73	25.7	13.19	34.81
103	Ranoidea	TJ	34.32	0.89	14.9	17.49	8.35	16.55
104	Neobatrachia	BWH	50.29	1.97	15.89	14.85	8.05	19.45
105	Hyloidea	TJ	27.24	0.56	10.84	12.28	6.5	12.18
106	Ranoidea	TJ	23.91	0.79	10.39	10.86	5.59	10.17
107	Ranoidea	TJ	31.61	0.81	13.17	12.87	6.84	12.58
108	Hyloidea	AJ	62.44	3.14	26.98	30.4	18.19	22.67
109	Ranoidea	AJ	38.39	0.98	17.75	19.27	10.16	13.54
110	Ranoidea	AQ	47.96	1.48	19.34	19.44	9.46	19.61
111	Ranoidea	TJ	58.55	1.35	24.17	25.62	12.44	20.96
112	Hyloidea	WH	62.88	2.41	18.11	17.21	9.02	23.01
113	Hyloidea	TJ	35.32	0.8	13.81	14.96	7.1	14.79
114	Hyloidea	AJ	84.22	5.59	33.9	37.38	21.05	28.37
115	Ranoidea	TJ	54.38	4.23	16.92	18.12	10.08	15.95
116	Ranoidea	TJ	9.45	0.73	3.89	3.88	2.6	3.15
117	Ranoidea	BWH	31.19	1.65	12.43	13.68	6.67	12.79
118	Ranoidea	BWH	23.25	1.55	7.2	7.04	4.01	8.75
119	Basal	BWH	60.31	12.08	20.78	18.05	9.04	27.13
120	Basal	BWH	44.53	9.44	19.47	21.97	12.84	23.87
121	Ranoidea	TJ	50.08	1.35	22.73	26.43	13.69	20.75
122	Ranoidea	AJ	44.73	0.99	21.39	24.12	12.69	16.77
123	Ranoidea	WH	53.68	1.81	17.03	18.26	9.47	20.94
124	Ranoidea	TJ	43.4	1.28	18.49	19.55	8.67	19.90
125	Ranoidea	BWH	36.47	3.81	9.78	9.52	6.16	10.29
126	Hyloidea	TJ	41.81	1.07	18.05	19.24	10.91	16.68
127	Hyloidea	AJ	24.26	1.09	10.17	11.34	7.05	7.73
128	Hyloidea	TJ	15.97	0.34	6.11	6.42	3.86	5.67
129	Basal	AQ	37.62	9.61	14.29	14.28	8.22	15.76
130	Ranoidea	TJ	24.95	0.58	10.43	12.02	6.81	9.80
131	Hyloidea	WH	42.71	1.97	13.54	12.98	5.97	14.85
132	Ranoidea	AJ	73.05	1.72	33.01	35.31	17.74	27.33
133	Ranoidea	BWH	27.5	0.84	9.59	9.74	5.52	11.39
134	Ranoidea	BWH	54.62	4.35	17.79	17.17	10.37	18.12
135	Hyloidea	WH	54.81	2.27	18.32	18.08	9.57	17.42
136	Hyloidea	TJ	33.49	1.32	12.16	13.14	8.72	15.22
137	Hyloidea	TJ	15.73	0.52	6.03	7.06	3.65	8.03
138	Ranoidea	TJ	53.35	1.44	27.45	33.98	13.38	30.43
139	Ranoidea	BWH	127.95	3.87	40.19	37.11	19.89	36.56
140	Ranoidea	TJ	79.13	2.02	29.56	34.19	17.48	39.75
141	Ranoidea	WH	27.95	0.78	8.92	8.57	5.49	9.36
142	Neobatrachia	AQ	50.52	4.31	18.52	17.23	10.42	19.03
143	Hyloidea	WH	25.47	1.43	9.57	10.38	5.64	10.82
144	Basal	BWH	45.42	3.22	13.94	11.84	5.51	18.09
145	Basal	BWH	56.06	5.77	17.61	15.62	8.4	19.28
146	Hyloidea	WH	51.73	4.95	18.95	19.41	10.67	15.96
147	Neobatrachia	TJ	12.53	0.98	4.35	4.93	3.34	4.06
148	Neobatrachia	TJ	19.69	1.14	7.5	7.58	5.31	7.22
149	Basal	BWH	56.06	3.39	20.34	18.41	9.62	24.02
150	Ranoidea	BWH	39.36	3.16	10.67	8.93	4.96	10.04
151	Hyloidea	AJ	73.78	2.16	37.88	42.42	24.2	33.03
152	Hyloidea	TJ	37.66	0.95	16.14	17.84	8.39	17.36
153	Ranoidea	BWH	27.81	2.31	8.75	9.49	5.2	8.86
154	Hyloidea	AQ	74.17	3.29	28.6	28.9	15.68	31.01
155	Hyloidea	AJ	38.59	1.39	16.38	18.46	11.23	12.34
156	Hyloidea	TJ	66.65	4.35	31.27	35.52	17.22	31.30
157	Ranoidea	BWH	47.58	1.64	16.94	17.17	8.7	20.77
158	Ranoidea	BWH	25.48	0.7	7.69	8.12	4.35	7.90
159	Hyloidea	AJ	65.43	2.61	26.4	28.58	16.64	23.02
160	Hyloidea	AJ	68.49	3.98	31.13	33.32	21.4	28.56
161	Ranoidea	BWH	60.02	5.79	19.68	17.93	8.9	22.85
162	Ranoidea	TJ	33.12	0.92	16.03	18.34	9.35	15.51
163	Basal	AQ	48.88	9.52	17.65	19.86	11.36	17.73
164	Hyloidea	TJ	30.54	1.31	11.2	11.09	6.41	10.79
